%% Trajectory 53
176 27.319616 19.559914 0.648905 2.272857 20.077320
177 27.269936 19.542881 0.709050 2.389456 15.684858
178 27.443249 19.435520 0.711506 2.370366 11.605748
179 27.322285 19.375313 0.759004 2.238155 17.890923
180 27.395977 19.487078 0.724313 2.453096 13.368805
181 27.252964 19.536383 0.713895 2.366993 8.645757
182 27.615801 19.438707 0.714750 2.418067 7.113760
183 27.468002 19.551155 0.695393 2.458659 7.494914
184 27.177801 19.504723 0.775235 2.294475 23.893650
185 27.550150 19.351978 0.857953 2.386193 30.670855
186 27.464115 19.348768 0.813352 2.334260 36.279041
187 27.470795 19.747061 0.935277 2.360298 45.646061
188 27.355333 19.391388 0.827686 2.375422 15.642813
189 27.584927 19.804989 0.930756 2.328182 55.668297
190 27.219015 19.547501 1.108906 2.272717 61.358913
191 27.424118 19.507812 0.971497 2.471591 42.927826
192 27.413980 19.426514 1.110978 2.451511 70.848900
193 27.474245 19.534889 1.135092 2.483266 66.139626
194 27.403847 19.556799 1.131891 2.389863 64.677666
195 27.617714 19.444868 1.229308 2.324395 60.285255
196 27.516779 19.766308 0.885447 2.320091 46.307320
197 27.369720 19.737213 0.830067 2.344887 42.624485
198 27.498383 19.365438 1.148775 2.386825 60.062283
199 27.587294 19.601559 1.015253 2.464212 53.649666
200 27.426537 19.562178 1.157525 2.414674 56.762611
201 27.329458 19.460949 1.248846 2.324032 44.197605
202 27.392458 19.722883 1.099270 2.325350 34.198467
203 27.328520 19.544615 1.329408 2.331229 51.117439
204 27.658186 19.621655 1.168962 2.286343 63.739727
205 27.587936 19.489910 1.133339 2.442463 52.650520
206 27.506304 19.656525 1.140682 2.400703 50.031178
207 27.847544 19.683031 1.132085 2.132216 53.992043
208 27.686047 19.725216 1.151364 2.300768 60.928215
209 27.607607 19.817951 1.189921 2.269605 56.921326
210 27.623152 19.655209 1.409361 2.417401 46.165562
211 27.598642 19.674511 1.292655 2.396544 63.112251
212 27.671011 19.819117 1.302068 2.329003 53.815617
213 27.702330 19.783653 1.232914 2.270828 52.631638
214 27.599913 19.596294 1.180052 2.336737 63.789120
215 27.682297 19.604630 1.123770 2.298025 52.559929
216 27.508785 19.847738 1.473325 2.436239 35.740231
217 27.548891 19.704449 1.227961 2.315079 54.619755
218 27.643074 19.760681 1.577646 2.316538 39.858257
219 27.641632 19.620539 1.291210 2.339828 51.145119
220 27.752583 19.732679 1.346657 2.161316 43.005901
221 27.783211 19.717930 1.485577 2.322236 43.353268
222 27.613497 19.774969 1.461917 2.334605 30.070305
223 27.362444 19.893450 1.639709 2.267129 25.126034
224 27.748013 19.632902 1.526036 2.314533 28.559570
225 27.585938 19.604822 1.500116 2.402349 29.248547
226 27.549337 19.689373 1.477708 2.451859 28.185326
227 27.576048 19.940804 1.398922 2.221118 42.735497
228 27.428446 19.878914 1.702055 2.312383 14.179070
229 27.565304 19.919720 1.465259 2.306483 30.433607
230 27.728525 19.874947 1.523477 2.142851 22.121553
231 27.687889 19.981035 1.548640 2.246157 21.470531
232 27.561327 19.829964 1.461236 2.216706 28.741077
233 27.928133 19.930534 1.349012 2.210561 37.608597
234 27.566763 19.844894 1.596228 2.159786 19.601095
235 27.725332 19.863647 1.454244 2.174062 24.165157
236 27.575867 19.921717 1.545467 2.435058 11.872433
237 27.677109 20.006361 1.484857 2.200777 20.895775
238 27.628632 19.842943 1.350356 2.284099 29.889078
239 27.583817 19.939354 1.514883 2.174923 15.496876
240 27.624250 19.913979 1.556511 2.285856 14.824510
241 27.765627 19.946993 1.410281 2.131273 19.357058
242 27.788221 20.005436 1.391677 2.257539 29.356998
243 27.794703 19.776365 1.693406 2.238849 8.616712
244 27.788481 19.939764 1.411833 2.078093 23.567865
245 27.671015 20.064728 1.372818 2.223604 37.208454
246 27.657803 19.869148 1.217781 2.184681 43.238686
247 27.814041 19.912643 1.216650 2.236029 39.278351
248 27.800369 19.985138 1.266938 2.168757 33.776138
249 27.770208 19.933323 1.320735 2.196563 32.588665
250 27.962408 19.871357 1.297768 2.181897 40.312481
251 28.037956 20.070147 1.361714 2.122698 28.057484
252 27.844028 19.955891 1.415083 2.256788 22.892773
253 27.991570 19.885462 1.555828 2.144479 15.664603
254 27.977741 19.917751 1.546576 2.127691 10.587751
255 27.938709 19.865652 1.403186 2.135580 14.230396
256 27.879408 19.899479 1.241575 2.117695 36.093418
257 27.951323 19.960453 1.376319 2.188207 20.600544
258 28.120403 20.005875 1.601134 2.273839 7.565995
259 28.121435 19.977087 1.428297 2.377579 13.807815
260 27.966419 20.126007 1.518238 2.122616 11.503348
261 27.920671 19.936483 1.447687 2.252075 12.959886
262 27.953632 20.120317 1.408864 2.142875 14.220359
263 27.919708 20.042250 1.259052 2.181502 24.297745
264 27.900793 19.969669 1.320994 2.154904 29.283993
265 27.866608 19.938272 1.382246 2.210392 15.947407
266 27.818111 19.893330 1.155723 2.185678 30.728106
267 27.583773 20.175684 1.236120 2.359646 36.262245
268 27.966284 20.005335 1.381482 2.169140 17.837847
269 27.639465 20.158243 1.240790 2.216626 28.903301
270 27.855959 20.010109 1.070248 2.173089 58.293018
271 27.823961 20.200903 1.169853 2.238117 41.083282
272 27.956339 20.084616 1.057794 2.318162 61.005386
273 27.806475 19.976009 1.170124 2.234135 47.028316
274 27.912739 20.010477 1.390999 2.122638 21.785332
275 27.705143 20.117060 1.287844 2.264286 29.296429
276 27.916100 20.166323 1.243498 2.170602 28.793873
277 27.722164 20.542591 1.084543 2.515123 46.665237
278 27.781992 20.392370 1.048068 2.335094 55.122883
279 27.788383 20.129019 1.185559 2.280198 56.712257
280 27.664436 20.343117 1.048479 2.295592 56.347206
281 27.548298 20.316660 1.118410 2.487136 57.340218
282 27.245142 20.680441 1.146096 2.305077 51.444225
283 27.381367 20.609892 1.162006 2.485034 53.959900
284 27.541039 20.652557 1.151340 2.349722 61.375568
285 27.348652 20.258024 0.900672 2.233736 63.637108
286 27.538368 20.593691 1.112924 2.567073 50.052856
287 27.435480 20.631348 1.315132 2.327854 41.224361
288 27.405190 20.722286 1.282856 2.271879 43.887993
289 27.249386 20.831036 1.348583 2.309728 52.177280
290 27.071205 20.948458 1.174482 2.174295 40.607738
291 27.327620 20.885113 1.090084 2.143078 65.277740
292 27.685263 21.021679 1.165625 2.085536 43.889278
293 27.685534 20.770752 0.996624 2.180187 51.108696
294 27.778576 20.649672 1.125964 2.278581 50.453407
295 27.723164 20.622696 0.947198 2.381754 64.279663
296 27.314339 20.883156 0.881076 2.384403 72.851936
297 26.968836 21.149786 0.906383 2.023760 51.298302
298 27.226585 21.318314 1.027938 2.145557 52.355686
299 27.210222 20.847826 0.853527 2.246409 85.896156
300 27.347477 20.863470 1.030043 2.125866 49.543644
301 27.295889 21.016314 1.068823 2.069140 51.994545
302 27.698399 20.895927 0.910527 2.204455 70.334572
303 27.555592 21.157969 0.950934 2.252183 65.876099
304 27.374014 21.134863 0.694742 2.208997 69.547173
305 27.490177 21.189087 0.566110 2.193086 67.274742
306 27.754276 20.753929 0.631790 2.235182 60.310658
307 27.888779 20.906223 0.682936 2.373146 69.655396
308 28.075403 20.955151 0.660667 1.960084 41.916245
309 28.010214 21.221771 0.671723 2.187181 84.070587
310 27.831501 21.019415 0.615081 1.980831 50.670662
311 28.122194 21.263508 0.651723 2.072977 50.883457
312 28.006256 21.040874 0.659119 2.106167 52.998928
313 27.890987 20.622759 0.833914 2.173442 77.801323
314 28.028997 20.792675 0.579939 1.985699 40.293591
315 28.231367 20.784851 0.454720 1.907660 30.186337
316 28.010662 20.830130 0.523079 2.072598 67.424194
317 27.928650 20.829323 0.599617 1.971288 61.559162
318 28.185066 20.638382 0.401597 2.211393 66.291084
319 28.759735 20.625612 0.511767 2.262983 70.398415
320 28.984598 20.336720 0.620890 2.291412 75.780678
321 29.882711 20.360928 0.517485 2.333802 86.458015
322 30.118200 20.310240 0.719166 2.765995 69.528984
323 29.736538 20.351219 0.802805 2.475987 75.246552
324 30.009106 20.067181 0.603851 2.870404 46.537716
325 29.941231 20.144585 0.651217 2.591469 47.145107
326 30.227829 20.468273 0.557004 2.578597 37.895569
327 30.050888 20.329298 0.519302 2.554232 53.623325
328 29.278872 20.519922 0.485104 2.559205 52.927837
329 29.732740 20.759502 0.535058 2.291589 70.626930
330 29.219271 20.830864 0.528990 2.448374 69.998695
331 29.337065 20.755928 0.454518 2.355928 60.269489
332 29.710186 21.254324 0.456535 2.563027 44.205544
333 28.739008 21.640335 0.358810 2.409343 59.143677
