%% Trajectory 28
230 82.041092 33.772194 0.978565 2.457579 15.674231
231 82.424408 33.907795 0.958006 2.258486 23.091864
232 82.146446 34.000317 1.013358 2.275988 13.381227
233 82.357513 34.158096 1.069561 2.270247 23.280943
236 82.214561 33.904789 1.139826 2.211963 27.530046
237 82.268021 34.037151 1.263514 2.328688 22.279032
238 82.231094 33.899139 1.191024 2.424906 21.522427
239 82.007034 33.969379 1.208834 2.268785 31.694988
240 82.243813 34.031578 1.478200 2.200742 51.581917
241 82.208885 34.204983 1.507691 2.327569 27.355873
242 82.249191 34.093346 1.401153 2.261125 43.709492
243 82.333344 34.092281 1.366566 2.264409 33.160801
244 82.232094 34.008938 1.396955 2.356002 38.925488
245 82.218475 33.920467 1.511999 2.363238 42.960438
246 82.162308 33.965714 1.597110 2.282449 59.610100
247 82.151749 33.998238 1.310950 2.262146 42.098373
248 82.000710 34.084846 1.315288 2.247588 47.725262
249 82.060982 34.249790 1.683696 2.300634 56.084621
250 82.234955 33.954330 1.857255 2.192487 70.537781
251 82.248726 34.053593 1.783729 2.191653 60.690414
252 82.261734 34.010014 1.481282 2.186561 51.474140
253 82.227486 34.045822 1.465500 2.206466 47.072124
254 82.195854 34.063454 1.599358 2.203889 59.433079
255 82.221634 33.972275 1.925453 2.207320 47.249306
256 82.143089 34.080757 1.688974 2.210647 65.160736
257 82.163887 33.939552 1.902412 2.213598 40.036739
258 82.168259 34.027744 1.787781 2.238669 53.908791
259 82.275581 33.859131 1.906327 2.264593 35.263115
260 82.192169 34.010044 1.939161 2.273680 38.429043
261 82.203453 34.186069 1.765458 2.297048 34.209225
262 82.099075 33.877880 1.903260 2.271266 38.904133
263 82.075829 34.173935 1.956559 2.257689 32.880699
264 82.217049 34.133389 1.727946 2.269132 39.593006
265 82.122063 33.958248 1.857671 2.146891 42.133678
266 81.973633 33.932190 1.657834 2.191853 52.566528
267 82.245522 34.150490 1.959136 2.296912 31.004433
268 82.205376 33.930626 1.591493 2.299238 45.885426
269 82.185616 34.109875 1.581902 2.297644 40.617214
270 82.173920 33.880035 1.925187 2.221184 27.027912
271 82.183060 33.838902 1.679234 2.175836 43.691864
272 82.285446 33.729599 1.674469 2.412113 30.383038
273 82.135826 33.868675 1.983943 2.216488 31.423250
274 82.152267 33.775150 1.411730 2.284916 54.376179
275 82.282730 33.928692 1.594146 2.289204 41.326817
276 82.232811 34.082684 1.710053 2.183326 41.419052
277 82.167084 34.180176 1.408053 2.244088 41.979370
278 82.149170 34.175690 1.606553 2.245543 44.206524
279 82.042908 33.934093 1.462952 2.229009 60.353905
280 82.186165 33.924801 1.790007 2.286154 29.291536
281 82.266533 34.015671 1.962362 2.255025 25.215237
282 82.087311 34.069313 2.082622 2.221539 16.368151
283 82.159187 33.946186 1.909404 2.244540 23.259834
284 82.260239 34.070049 1.951627 2.150959 27.965528
285 82.353470 34.088173 1.715933 2.214896 35.101151
286 82.291626 34.056988 1.740610 2.231984 26.445234
287 82.276794 34.090549 1.615118 2.252457 44.237144
288 82.232994 34.008381 1.814963 2.384414 46.702301
289 82.160316 33.793045 1.849127 2.336231 30.006506
290 82.245674 33.898945 2.111179 2.204815 21.081202
291 82.091309 33.991177 2.003996 2.260389 20.330618
292 82.074348 34.089417 1.916394 2.156583 31.490438
293 82.230759 34.102005 1.979616 2.253206 32.118355
294 82.185204 34.076916 2.023671 2.207989 23.842052
295 82.209763 34.024292 2.130398 2.204705 33.012974
296 82.208717 33.871422 1.897465 2.169507 35.159142
297 82.186920 34.033459 2.100360 2.196832 13.880183
298 82.253822 34.113178 1.890917 2.243498 28.052319
299 82.151184 34.035248 1.852053 2.236627 25.880030
300 82.211304 33.908287 2.043635 2.170690 18.810810
301 82.189545 33.937912 2.001887 2.210038 29.835852
302 82.135895 33.963417 2.004937 2.153694 14.612630
303 82.101402 34.008785 1.882371 2.162163 16.649773
304 82.169838 33.891510 1.844664 2.269554 26.022589
305 82.104820 33.940666 2.019114 2.151162 12.203394
306 82.271118 33.834385 1.967851 2.375757 12.140101
307 82.179413 33.930683 1.906318 2.141316 8.552497
308 82.145622 34.012318 2.281328 2.192837 1.512305
309 82.100700 33.878098 2.171563 2.221733 2.090019
310 82.141479 33.879608 2.310134 2.191613 1.900427
311 82.166908 33.966782 2.390203 2.239791 0.561849
312 82.202591 33.891048 2.185114 2.261966 3.186484
313 82.028915 33.926319 2.520236 2.213670 1.674693
314 82.223778 33.977547 2.367404 2.214703 3.108521
315 82.083870 34.036671 2.246332 2.206769 2.725524
316 82.057159 34.036427 2.212146 2.218546 2.498212
317 82.079041 33.954475 2.223229 2.250302 3.022581
318 82.013603 34.013653 2.393925 2.221533 0.937411
319 82.090691 33.946747 2.417684 2.219818 0.618227
320 82.099457 34.047573 2.218746 2.184713 0.158457
321 82.073959 33.991722 2.018164 2.174983 2.097556
322 82.008362 34.062836 2.089802 2.182633 3.770300
323 81.986557 34.156361 1.986053 2.277981 5.302118
324 81.985870 34.128773 2.104803 2.182787 1.581529
325 81.905563 34.057320 2.234711 2.166462 0.051711
326 81.904121 34.143055 2.250083 2.331824 0.045267
327 81.820946 34.097988 2.448784 2.343430 0.021357
328 81.822937 34.010460 2.107983 2.235457 0.095564
329 81.989532 34.137951 2.306688 2.235536 0.110848
330 81.902092 34.174129 2.026882 2.225124 0.958807
331 81.912155 34.031883 2.171751 2.225887 0.235582
332 81.912743 34.014484 2.507204 2.160654 0.006049
333 81.919533 33.988159 2.567453 2.232035 0.015834
334 81.950577 33.984032 2.248399 2.200070 0.185853
335 81.844307 33.987221 2.454967 2.197063 0.008499
336 81.918678 33.954018 2.723552 2.227479 0.083863
337 81.844650 33.900845 2.329444 2.228930 0.633335
338 81.898483 33.987438 2.594352 2.199705 1.116289
339 81.940628 34.005703 2.503597 2.223134 1.957295
340 81.834396 33.948418 2.673724 2.192713 2.929093
341 81.892487 33.969780 2.548338 2.212268 2.401472
342 81.792603 34.012665 2.234111 2.245705 0.783213
343 81.940765 33.868919 2.460388 2.201019 3.819278
344 81.914886 33.900112 2.368711 2.194028 6.220640
345 81.804443 34.073673 2.246051 2.250240 4.961514
346 81.916901 34.035069 2.202741 2.224194 2.856364
347 81.853653 34.030876 2.480902 2.194321 5.970067
348 81.736443 33.941650 2.223155 2.302209 8.616458
349 81.751114 33.975361 2.476165 2.256660 6.125935
350 81.854195 33.989735 2.300421 2.210979 5.792561
351 81.760117 33.899326 2.312918 2.246632 3.776770
352 81.659851 34.001480 2.350621 2.337729 4.698319
353 81.805183 33.943802 2.476488 2.199683 4.276654
354 81.770485 33.978516 2.431465 2.253158 1.017293
355 81.826431 34.102173 2.312989 2.278125 4.018175
356 81.809410 34.081264 2.177856 2.255179 10.492822
357 81.870514 33.937309 2.072520 2.208197 5.660132
358 81.836655 34.078709 2.169167 2.257351 3.876585
359 81.690041 34.029999 1.997680 2.310069 13.018092
360 81.783722 34.079018 2.173244 2.206503 1.289528
361 81.831650 34.100876 2.072397 2.194587 2.741786
362 81.879166 34.128944 2.113738 2.162776 2.735111
363 81.763611 34.073093 2.127471 2.239644 2.338958
364 81.749893 34.053261 1.762915 2.185229 17.807150
365 81.772987 34.103313 1.921104 2.277621 12.424956
366 81.790710 34.098602 2.157309 2.225873 1.850833
367 81.798668 33.974056 2.320379 2.216565 0.766144
368 81.782990 34.146255 2.230607 2.207566 0.742576
369 81.690674 33.988831 1.942830 2.324430 3.953904
370 81.819809 34.042267 1.952195 2.295198 4.723364
371 81.700974 34.128250 1.914104 2.404480 6.600399
372 81.664139 34.190094 2.229426 2.345667 1.819903
373 81.624779 34.206253 2.134352 2.328814 1.150196
374 81.718613 34.072075 1.899208 2.273804 6.546263
375 81.635193 34.061207 1.890383 2.200533 7.584105
376 81.745567 34.138733 2.148533 2.249414 0.800017
377 81.619225 34.146008 2.052956 2.326853 1.473907
378 81.626877 34.051838 1.929173 2.302473 3.154153
379 81.737091 34.093037 1.920168 2.330588 4.715526
380 81.593788 34.119591 1.952073 2.300079 1.860155
381 81.479332 34.265007 1.834218 2.448381 3.054055
382 81.560791 34.332512 1.894613 2.401865 3.409233
383 81.619263 34.137123 1.702003 2.308044 12.193891
384 81.537491 34.290321 1.766207 2.399226 7.607090
385 81.455391 34.281651 1.676686 2.441297 24.633562
386 81.504356 34.246429 1.539167 2.356788 22.493040
387 81.593216 34.258759 1.756889 2.364277 8.290215
388 81.479141 34.098083 1.820300 2.493806 17.278929
389 81.672470 34.223156 1.708982 2.314566 11.270863
390 81.385719 34.263596 1.543573 2.369571 30.438793
391 81.419914 34.129929 1.843188 2.301320 10.221181
392 81.606010 34.258011 1.777501 2.293223 10.339107
393 81.469193 34.266880 1.830094 2.429564 15.216089
394 81.379982 34.282642 1.618072 2.368009 16.812555
395 81.379639 34.201027 1.727328 2.336457 17.130455
396 81.457382 34.320850 1.970995 2.444680 14.554133
397 81.609070 34.278439 1.939513 2.440109 11.188004
398 81.562584 34.167297 1.818961 2.336348 13.383820
399 81.339752 34.395618 1.436956 2.418813 24.439384
400 81.470413 34.384224 1.597398 2.510818 21.769583
401 81.492462 34.174854 1.357622 2.404027 23.895885
402 81.626579 34.169285 1.567537 2.296544 22.765322
403 81.453407 34.214195 1.359118 2.319607 22.286430
404 81.467445 34.245483 1.528676 2.404908 15.289874
405 81.765686 34.323051 1.278607 2.194576 24.661100
406 81.644859 34.279522 1.461793 2.340101 18.611746
407 81.535179 34.342106 1.625450 2.404970 20.617062
408 81.443825 34.414719 1.658183 2.517661 10.951455
409 81.590538 34.286144 1.477100 2.376544 7.551750
410 81.688377 34.323212 1.426888 2.423619 13.571296
411 81.577606 34.405838 1.551585 2.479389 12.002682
412 81.598747 34.345959 1.300187 2.328633 24.880056
413 81.629471 34.292885 1.333351 2.308826 17.975456
414 81.787338 34.461800 1.296033 2.306141 16.547729
415 81.732689 34.211033 1.252761 2.216225 21.758558
416 81.689407 34.405941 1.119632 2.414459 23.289843
417 81.716187 34.458462 1.187811 2.380711 21.115103
418 81.582901 34.488197 1.240926 2.471883 29.643806
419 81.826431 34.200939 1.140247 2.184598 17.495010
420 81.832428 34.383347 1.159732 2.318286 30.547615
421 81.699104 34.326607 1.367562 2.311631 27.322788
422 81.823357 34.314571 1.327171 2.187380 13.934339
423 81.702934 34.350761 1.287510 2.285006 20.560762
424 81.820618 34.208088 1.132948 2.221632 21.344669
425 81.863655 34.338203 1.080626 2.148417 21.533978
426 81.736847 34.279053 0.926582 2.310839 33.779289
427 81.845566 34.235546 1.153816 2.233953 24.371246
428 81.726212 34.311928 1.279073 2.151153 14.619360
429 81.756149 34.120350 0.956145 2.239293 33.136230
430 81.599907 34.186707 1.177738 2.233386 19.068111
431 81.673576 34.049252 1.232543 2.090150 16.902880
432 81.635468 33.751415 1.174171 2.180131 19.716721
433 81.698044 33.973064 1.283681 2.289525 19.524759
434 81.691711 33.742584 1.062382 2.244373 28.850515
435 81.730751 34.108135 1.059527 2.209393 29.320152
436 81.440239 33.969265 0.864531 2.291587 28.557648
437 81.685654 33.909111 0.830658 2.315915 44.832104
438 81.329300 33.740410 0.891453 2.328124 36.306202
439 81.458214 33.796101 1.070021 2.439676 34.120918
440 81.464127 34.237362 0.888917 2.400460 46.255131
441 81.548737 33.759174 0.805198 2.333929 37.631489
442 81.533066 33.839420 0.761937 2.349863 55.127613
443 81.585663 34.143730 0.696137 2.335354 54.712971
444 81.489532 33.905491 0.511851 2.201642 54.475872
445 81.342888 33.940250 0.635288 2.135350 45.557667
446 81.507706 33.847553 0.622708 2.294069 44.660515
447 81.743881 33.877514 0.556101 2.168873 54.914402
448 81.499245 33.856388 0.568758 2.302340 36.755810
449 81.736679 33.987328 0.607742 2.285315 49.853012
450 81.739441 33.810390 0.578281 2.089657 37.847198
451 81.428230 33.774590 0.499216 2.396136 58.796856
452 81.691666 34.072128 0.550217 2.140485 63.487839
453 81.491272 33.974339 0.469264 2.436144 57.189266
454 81.615173 34.017181 0.525365 2.094778 66.249443
455 81.460686 33.844357 0.446576 2.338533 57.463367
456 81.527306 33.659184 0.448479 2.343577 65.650719
457 81.694954 33.585705 0.472285 2.280649 56.113064
458 81.272614 33.527237 0.523697 2.115399 58.110531
459 81.634850 33.649609 0.439047 1.988019 36.372231
460 81.973610 33.437786 0.279554 2.172091 39.186695
461 81.685379 33.704590 0.315313 2.125166 50.289997
462 81.384041 33.388058 0.284759 2.618517 74.021049
463 81.817642 33.478249 0.275963 2.210880 66.961700
464 81.674683 33.854465 0.194297 2.188920 33.947357
465 81.592850 33.493851 0.288290 2.610527 61.635357
466 82.240471 32.953835 0.113577 2.264362 48.776218
468 81.628952 32.727695 0.189122 2.425267 83.795609
469 81.674461 34.189732 0.145527 1.984142 13.624826
